 PRES   HGHT   TEMP   DWPT   RELH   MIXR   DRCT   SKNT   THTA   THTE   THTV
 hPa     m      C      C      %    g/kg    deg   knot     K      K      K
   1014.0     11.0   25.90   24.40 0.0 0.0 0.0 0.0 0.0 0.0 0.0
   1010.9     41.0   25.80   24.00 0.0 0.0 0.0 0.0 0.0 0.0 0.0
   1005.3     94.0   25.30   23.70 0.0 0.0 0.0 0.0 0.0 0.0 0.0
   1000.0    141.0   25.00   23.40 0.0 0.0 0.0 0.0 0.0 0.0 0.0
    995.7    181.0   24.80   23.10 0.0 0.0 0.0 0.0 0.0 0.0 0.0
    981.4    307.0   24.20   22.70 0.0 0.0 0.0 0.0 0.0 0.0 0.0
    963.1    472.0   23.40   22.60 0.0 0.0 0.0 0.0 0.0 0.0 0.0
    941.1    670.0   22.70   21.80 0.0 0.0 0.0 0.0 0.0 0.0 0.0
    925.0    820.0   21.50   20.90 0.0 0.0 0.0 0.0 0.0 0.0 0.0
    917.1    895.0   20.90   20.50 0.0 0.0 0.0 0.0 0.0 0.0 0.0
    891.2   1147.0   20.80   16.90 0.0 0.0 0.0 0.0 0.0 0.0 0.0
    862.2   1434.0   20.10   14.90 0.0 0.0 0.0 0.0 0.0 0.0 0.0
    850.0   1557.0   19.20   15.20 0.0 0.0 0.0 0.0 0.0 0.0 0.0
    830.2   1761.0   17.70   15.70 0.0 0.0 0.0 0.0 0.0 0.0 0.0
    795.1   2130.0   15.20   13.50 0.0 0.0 0.0 0.0 0.0 0.0 0.0
    757.0   2546.0   12.70    8.30 0.0 0.0 0.0 0.0 0.0 0.0 0.0
    716.0   3013.0   10.20    0.90 0.0 0.0 0.0 0.0 0.0 0.0 0.0
    700.0   3200.0    8.70   -0.60 0.0 0.0 0.0 0.0 0.0 0.0 0.0
    672.0   3538.0    6.10   -3.40 0.0 0.0 0.0 0.0 0.0 0.0 0.0
    625.1   4124.0   -0.80   -2.50 0.0 0.0 0.0 0.0 0.0 0.0 0.0
    575.6   4769.0   -2.80   -2.90 0.0 0.0 0.0 0.0 0.0 0.0 0.0
    527.6   5447.0   -2.60   -2.60 0.0 0.0 0.0 0.0 0.0 0.0 0.0
    500.0   5868.0   -5.40   -5.70 0.0 0.0 0.0 0.0 0.0 0.0 0.0
    484.5   6117.0   -7.00   -7.50 0.0 0.0 0.0 0.0 0.0 0.0 0.0
    446.0   6759.0  -11.20  -12.40 0.0 0.0 0.0 0.0 0.0 0.0 0.0
    411.5   7374.0  -14.80  -16.30 0.0 0.0 0.0 0.0 0.0 0.0 0.0
    400.0   7586.0  -15.90  -17.50 0.0 0.0 0.0 0.0 0.0 0.0 0.0
    380.2   7967.0  -17.80  -19.60 0.0 0.0 0.0 0.0 0.0 0.0 0.0
    352.2   8536.0  -21.20  -23.30 0.0 0.0 0.0 0.0 0.0 0.0 0.0
    327.0   9079.0  -25.00  -27.40 0.0 0.0 0.0 0.0 0.0 0.0 0.0
    304.4   9596.0  -28.90  -31.70 0.0 0.0 0.0 0.0 0.0 0.0 0.0
    300.0   9699.0  -29.70  -33.00 0.0 0.0 0.0 0.0 0.0 0.0 0.0
    284.1  10086.0  -32.80  -37.90 0.0 0.0 0.0 0.0 0.0 0.0 0.0
    265.8  10553.0  -36.70  -41.40 0.0 0.0 0.0 0.0 0.0 0.0 0.0
    250.0  10971.0  -40.40  -47.00 0.0 0.0 0.0 0.0 0.0 0.0 0.0
    248.9  11002.0  -40.70  -47.40 0.0 0.0 0.0 0.0 0.0 0.0 0.0
    233.6  11431.0  -44.60  -50.70 0.0 0.0 0.0 0.0 0.0 0.0 0.0
    219.6  11849.0  -48.40  -53.80 0.0 0.0 0.0 0.0 0.0 0.0 0.0
    205.7  12277.0  -52.50  -57.80 0.0 0.0 0.0 0.0 0.0 0.0 0.0
    191.7  12727.0  -56.80  -62.10 0.0 0.0 0.0 0.0 0.0 0.0 0.0
    177.8  13201.0  -61.30  -66.50 0.0 0.0 0.0 0.0 0.0 0.0 0.0
    163.8  13704.0  -64.80  -69.80 0.0 0.0 0.0 0.0 0.0 0.0 0.0
    150.0  14234.0  -68.40  -73.30 0.0 0.0 0.0 0.0 0.0 0.0 0.0
    149.8  14243.0  -68.50  -73.40 0.0 0.0 0.0 0.0 0.0 0.0 0.0
    135.9  14824.0  -72.00  -76.80 0.0 0.0 0.0 0.0 0.0 0.0 0.0
    121.9  15460.0  -74.30  -78.10 0.0 0.0 0.0 0.0 0.0 0.0 0.0
