 PRES   HGHT   TEMP   DWPT   RELH   MIXR   DRCT   SKNT   THTA   THTE   THTV
 hPa     m      C      C      %    g/kg    deg   knot     K      K      K
   1018.3     19.0   27.30   24.50 0.0 0.0 0.0 0.0 0.0 0.0 0.0
   1015.3     49.0   27.20   24.30 0.0 0.0 0.0 0.0 0.0 0.0 0.0
   1009.6    102.0   26.80   24.10 0.0 0.0 0.0 0.0 0.0 0.0 0.0
   1000.0    187.0   26.00   23.70 0.0 0.0 0.0 0.0 0.0 0.0 0.0
    999.9    189.0   26.00   23.70 0.0 0.0 0.0 0.0 0.0 0.0 0.0
    985.6    315.0   25.10   23.10 0.0 0.0 0.0 0.0 0.0 0.0 0.0
    967.2    481.0   23.60   22.70 0.0 0.0 0.0 0.0 0.0 0.0 0.0
    945.1    679.0   22.10   21.70 0.0 0.0 0.0 0.0 0.0 0.0 0.0
    925.0    866.0   21.00   20.50 0.0 0.0 0.0 0.0 0.0 0.0 0.0
    921.0    904.0   20.80   20.30 0.0 0.0 0.0 0.0 0.0 0.0 0.0
    894.9   1156.0   19.30   16.40 0.0 0.0 0.0 0.0 0.0 0.0 0.0
    865.7   1441.0   17.10   15.50 0.0 0.0 0.0 0.0 0.0 0.0 0.0
    850.0   1597.0   16.50   13.70 0.0 0.0 0.0 0.0 0.0 0.0 0.0
    833.5   1766.0   15.80   11.70 0.0 0.0 0.0 0.0 0.0 0.0 0.0
    798.3   2133.0   14.10    9.70 0.0 0.0 0.0 0.0 0.0 0.0 0.0
    759.9   2548.0   12.10    9.20 0.0 0.0 0.0 0.0 0.0 0.0 0.0
    718.5   3018.0    9.90    8.20 0.0 0.0 0.0 0.0 0.0 0.0 0.0
    700.0   3234.0    8.80    7.10 0.0 0.0 0.0 0.0 0.0 0.0 0.0
    674.1   3548.0    7.20    5.50 0.0 0.0 0.0 0.0 0.0 0.0 0.0
    626.7   4146.0    3.90    1.50 0.0 0.0 0.0 0.0 0.0 0.0 0.0
    576.8   4803.0    0.00   -3.70 0.0 0.0 0.0 0.0 0.0 0.0 0.0
    528.6   5487.0   -3.00   -6.70 0.0 0.0 0.0 0.0 0.0 0.0 0.0
    500.0   5923.0   -5.50   -9.00 0.0 0.0 0.0 0.0 0.0 0.0 0.0
    485.3   6158.0   -6.80  -10.30 0.0 0.0 0.0 0.0 0.0 0.0 0.0
    446.6   6802.0  -11.10  -13.80 0.0 0.0 0.0 0.0 0.0 0.0 0.0
    411.9   7419.0  -15.00  -20.00 0.0 0.0 0.0 0.0 0.0 0.0 0.0
    400.0   7639.0  -16.50  -21.30 0.0 0.0 0.0 0.0 0.0 0.0 0.0
    380.6   8011.0  -19.00  -23.40 0.0 0.0 0.0 0.0 0.0 0.0 0.0
    352.5   8579.0  -22.50  -26.00 0.0 0.0 0.0 0.0 0.0 0.0 0.0
    327.2   9120.0  -26.00  -28.50 0.0 0.0 0.0 0.0 0.0 0.0 0.0
    304.5   9636.0  -29.80  -32.50 0.0 0.0 0.0 0.0 0.0 0.0 0.0
    300.0   9742.0  -30.60  -33.30 0.0 0.0 0.0 0.0 0.0 0.0 0.0
    284.2  10126.0  -33.50  -36.40 0.0 0.0 0.0 0.0 0.0 0.0 0.0
    265.9  10593.0  -36.90  -40.10 0.0 0.0 0.0 0.0 0.0 0.0 0.0
    250.0  11011.0  -40.20  -43.50 0.0 0.0 0.0 0.0 0.0 0.0 0.0
    248.9  11042.0  -40.40  -43.70 0.0 0.0 0.0 0.0 0.0 0.0 0.0
    233.6  11472.0  -44.10  -48.40 0.0 0.0 0.0 0.0 0.0 0.0 0.0
    219.6  11891.0  -47.80  -52.40 0.0 0.0 0.0 0.0 0.0 0.0 0.0
    205.7  12321.0  -51.70  -57.10 0.0 0.0 0.0 0.0 0.0 0.0 0.0
    191.7  12772.0  -55.90  -61.30 0.0 0.0 0.0 0.0 0.0 0.0 0.0
    177.8  13248.0  -60.20  -65.40 0.0 0.0 0.0 0.0 0.0 0.0 0.0
    163.8  13754.0  -63.90  -69.10 0.0 0.0 0.0 0.0 0.0 0.0 0.0
    150.0  14287.0  -67.20  -71.90 0.0 0.0 0.0 0.0 0.0 0.0 0.0
    149.8  14295.0  -67.20  -71.90 0.0 0.0 0.0 0.0 0.0 0.0 0.0
    135.9  14883.0  -68.70  -74.50 0.0 0.0 0.0 0.0 0.0 0.0 0.0
    121.9  15533.0  -69.00  -78.80 0.0 0.0 0.0 0.0 0.0 0.0 0.0
